Temperature Index Change at Seasonal Resolution
-----------------------------------------------
Year+Season  Global  Low_Latitudes
----------------------------------
1880.29      -0.12      -0.05
1880.54      -0.16      -0.21
1880.79      -0.20      -0.11
1881.04      -0.16        0.0
1881.29       0.05        0.3
1881.54      -0.07       0.12
1881.79      -0.18      -0.04
1882.04       0.08       0.09
1882.29      -0.08        0.0
1882.54      -0.15       -0.2
1882.79      -0.18      -0.07
1883.04      -0.33      -0.06
1883.29      -0.16      -0.15
1883.54      -0.09      -0.15
1883.79      -0.19      -0.18
1884.04      -0.11      -0.15
1884.29      -0.37      -0.17
1884.54      -0.31      -0.16
1884.79      -0.28      -0.11
1885.04      -0.41      -0.16
1885.29      -0.37      -0.21
1885.54      -0.36      -0.28
1885.79      -0.25       0.06
1886.04      -0.34      -0.02
1886.29      -0.32      -0.06
1886.54      -0.28      -0.24
1886.79      -0.26      -0.27
1887.04      -0.51      -0.48
1887.29      -0.33      -0.37
1887.54      -0.28      -0.31
1887.79      -0.29      -0.12
1888.04      -0.34      -0.05
1888.29      -0.27       0.02
1888.54      -0.14        0.0
1888.79      -0.03       0.27
1889.04       0.02       0.41
1889.29       0.05       0.24
1889.54      -0.13        0.0
1889.79      -0.28      -0.16
1890.04      -0.39      -0.29
1890.29      -0.37      -0.32
1890.54      -0.31      -0.39
1890.79      -0.35       -0.4
1891.04      -0.37      -0.24
1891.29      -0.20      -0.05
1891.54      -0.18      -0.07
1891.79      -0.23      -0.02
1892.04      -0.14      -0.01
1892.29      -0.32      -0.28
1892.54      -0.27      -0.39
1892.79      -0.24      -0.34
1893.04      -0.58      -0.39
1893.29      -0.27      -0.43
1893.54      -0.21      -0.33
1893.79      -0.20      -0.31
1894.04      -0.37      -0.39
1894.29      -0.33      -0.42
1894.54      -0.29      -0.36
1894.79      -0.25      -0.22
1895.04      -0.35      -0.13
1895.29      -0.27      -0.19
1895.54      -0.19      -0.03
1895.79      -0.13       0.01
1896.04      -0.16      -0.02
1896.29      -0.23       0.06
1896.54      -0.06       0.02
1896.79      -0.02       0.21
1897.04      -0.12       0.32
1897.29      -0.06       0.23
1897.54      -0.08       0.17
1897.79      -0.13       0.08
1898.04      -0.17      -0.13
1898.29      -0.37      -0.26
1898.54      -0.22      -0.25
1898.79      -0.31      -0.17
1899.04      -0.26      -0.32
1899.29      -0.26      -0.26
1899.54      -0.19      -0.11
1899.79       0.01       0.09
1900.04      -0.22       0.14
1900.29      -0.06       0.18
1900.54      -0.10       0.12
1900.79      -0.01       0.21
1901.04      -0.13        0.1
1901.29      -0.04       0.02
1901.54      -0.16      -0.08
1901.79      -0.24      -0.11
1902.04      -0.17      -0.16
1902.29      -0.30      -0.03
1902.54      -0.30      -0.01
1902.79      -0.32        0.0
1903.04      -0.24      -0.05
1903.29      -0.35      -0.23
1903.54      -0.41      -0.23
1903.79      -0.47      -0.43
1904.04      -0.57      -0.62
1904.29      -0.50       -0.6
1904.54      -0.50      -0.46
1904.79      -0.38      -0.29
1905.04      -0.43      -0.27
1905.29      -0.29      -0.17
1905.54      -0.25      -0.03
1905.79      -0.17       0.01
1906.04      -0.24       0.02
1906.29      -0.17      -0.19
1906.54      -0.22       -0.2
1906.79      -0.29      -0.29
1907.04      -0.36      -0.37
1907.29      -0.37      -0.39
1907.54      -0.37      -0.27
1907.79      -0.35       -0.2
1908.04      -0.41      -0.36
1908.29      -0.46      -0.41
1908.54      -0.40      -0.45
1908.79      -0.44      -0.45
1909.04      -0.56      -0.45
1909.29      -0.56      -0.45
1909.54      -0.43      -0.47
1909.79      -0.36       -0.5
1910.04      -0.46      -0.54
1910.29      -0.42      -0.56
1910.54      -0.37      -0.37
1910.79      -0.45      -0.47
1911.04      -0.62      -0.51
1911.29      -0.56      -0.55
1911.54      -0.45      -0.51
1911.79      -0.30      -0.28
1912.04      -0.20      -0.11
1912.29      -0.26      -0.07
1912.54      -0.40      -0.17
1912.79      -0.52      -0.29
1913.04      -0.43      -0.34
1913.29      -0.42      -0.42
1913.54      -0.39      -0.24
1913.79      -0.30       -0.2
1914.04      -0.03      -0.09
1914.29      -0.25      -0.12
1914.54      -0.22      -0.16
1914.79      -0.12       0.01
1915.04      -0.10       0.03
1915.29      -0.04       0.06
1915.54      -0.19       0.03
1915.79      -0.20      -0.12
1916.04      -0.16      -0.23
1916.29      -0.31      -0.29
1916.54      -0.38      -0.45
1916.79      -0.39      -0.62
1917.04      -0.67      -0.87
1917.29      -0.58      -0.82
1917.54      -0.31      -0.47
1917.79      -0.34      -0.52
1918.04      -0.49      -0.59
1918.29      -0.38      -0.57
1918.54      -0.33      -0.36
1918.79      -0.12        0.0
1919.04      -0.25       0.07
1919.29      -0.21      -0.11
1919.54      -0.33      -0.36
1919.79      -0.30      -0.29
1920.04      -0.32      -0.27
1920.29      -0.21      -0.28
1920.54      -0.31       -0.3
1920.79      -0.26      -0.21
1921.04      -0.23      -0.33
1921.29      -0.28      -0.43
1921.54      -0.23      -0.24
1921.79      -0.12      -0.09
1922.04      -0.32      -0.16
1922.29      -0.23      -0.25
1922.54      -0.30      -0.38
1922.79      -0.28      -0.36
1923.04      -0.28      -0.37
1923.29      -0.36      -0.37
1923.54      -0.31      -0.33
1923.79      -0.15      -0.18
1924.04      -0.17      -0.03
1924.29      -0.19      -0.02
1924.54      -0.30       -0.3
1924.79      -0.30      -0.47
1925.04      -0.41      -0.64
1925.29      -0.28      -0.31
1925.54      -0.26      -0.16
1925.79      -0.11      -0.04
1926.04       0.10       0.11
1926.29      -0.09       0.07
1926.54      -0.22        0.0
1926.79      -0.11      -0.07
1927.04      -0.25      -0.16
1927.29      -0.31      -0.28
1927.54      -0.23      -0.21
1927.79      -0.07      -0.03
1928.04      -0.15       0.03
1928.29      -0.28      -0.12
1928.54      -0.27      -0.21
1928.79      -0.17      -0.18
1929.04      -0.40      -0.28
1929.29      -0.38      -0.32
1929.54      -0.37      -0.34
1929.79      -0.17      -0.15
1930.04      -0.37      -0.26
1930.29      -0.20      -0.22
1930.54      -0.19      -0.15
1930.79      -0.03       0.08
1931.04      -0.12       0.23
1931.29      -0.17       0.17
1931.54      -0.05       0.07
1931.79      -0.03      -0.06
1932.04      -0.03      -0.12
1932.29      -0.13      -0.12
1932.54      -0.25      -0.18
1932.79      -0.15      -0.16
1933.04      -0.26      -0.13
1933.29      -0.28      -0.19
1933.54      -0.26      -0.34
1933.79      -0.28      -0.38
1934.04      -0.23      -0.47
1934.29      -0.23      -0.37
1934.54      -0.13       -0.1
1934.79      -0.06      -0.11
1935.04      -0.07      -0.18
1935.29      -0.27      -0.24
1935.54      -0.23      -0.23
1935.79      -0.18       -0.1
1936.04      -0.28      -0.09
1936.29      -0.19      -0.09
1936.54      -0.15      -0.18
1936.79      -0.04       -0.1
1937.04      -0.02      -0.14
1937.29      -0.14       -0.1
1937.54      -0.02      -0.01
1937.79       0.09        0.0
1938.04       0.01      -0.04
1938.29       0.02      -0.18
1938.54      -0.11      -0.32
1938.79       0.08      -0.25
1939.04      -0.08      -0.29
1939.29      -0.10      -0.23
1939.54      -0.06      -0.05
1939.79      -0.01      -0.06
1940.04       0.17       0.23
1940.29       0.13       0.22
1940.54       0.10       0.24
1940.79       0.14       0.35
1941.04       0.27       0.51
1941.29       0.14        0.5
1941.54       0.16       0.46
1941.79       0.20       0.49
1942.04       0.18       0.37
1942.29       0.09       0.22
1942.54       0.01       0.01
1942.79       0.03       -0.1
1943.04       0.10      -0.13
1943.29       0.04      -0.18
1943.54       0.01       -0.1
1943.79       0.16       0.01
1944.04       0.28       0.02
1944.29       0.21       0.17
1944.54       0.17       0.32
1944.79       0.22       0.17
1945.04       0.04       0.18
1945.29       0.10        0.1
1945.54       0.10       0.21
1945.79       0.15       0.17
1946.04       0.03       0.16
1946.29       0.00       0.04
1946.54      -0.18      -0.21
1946.79      -0.07      -0.12
1947.04      -0.15        0.0
1947.29       0.03      -0.02
1947.54      -0.04      -0.01
1947.79      -0.01      -0.23
1948.04      -0.07      -0.15
1948.29      -0.13      -0.15
1948.54      -0.09      -0.14
1948.79      -0.11      -0.27
1949.04      -0.11      -0.15
1949.29      -0.08      -0.13
1949.54      -0.18      -0.18
1949.79      -0.11      -0.24
1950.04      -0.24      -0.26
1950.29      -0.13      -0.26
1950.54      -0.10      -0.25
1950.79      -0.22      -0.33
1951.04      -0.32      -0.35
1951.29      -0.12      -0.18
1951.54      -0.01       0.02
1951.79       0.04       0.13
1952.04       0.13        0.1
1952.29      -0.03       0.07
1952.54       0.02      -0.06
1952.79      -0.02      -0.05
1953.04       0.07       0.08
1953.29       0.14        0.1
1953.54       0.06       0.05
1953.79       0.03       0.04
1954.04      -0.10        0.0
1954.29      -0.16      -0.15
1954.54      -0.18      -0.29
1954.79      -0.01      -0.28
1955.04      -0.07      -0.26
1955.29      -0.25      -0.37
1955.54      -0.08      -0.34
1955.79      -0.14      -0.36
1956.04      -0.22      -0.35
1956.29      -0.26      -0.34
1956.54      -0.17      -0.37
1956.79      -0.19      -0.32
1957.04      -0.06      -0.19
1957.29       0.02       0.02
1957.54       0.11       0.16
1957.79       0.05       0.16
1958.04       0.25        0.3
1958.29       0.05        0.3
1958.54      -0.02       0.12
1958.79       0.01        0.1
1959.04       0.05       0.12
1959.29       0.12       0.13
1959.54       0.02       0.02
1959.79      -0.07       0.03
1960.04       0.05       0.03
1960.29      -0.19        0.0
1960.54      -0.02       0.01
1960.79       0.00        0.0
1961.04       0.15       0.06
1961.29       0.11       0.07
1961.54       0.04      -0.06
1961.79       0.04      -0.12
1962.04       0.02      -0.12
1962.29       0.03      -0.08
1962.54       0.02      -0.02
1962.79       0.03       0.01
1963.04       0.04        0.0
1963.29      -0.09       0.03
1963.54       0.11       0.13
1963.79       0.15       0.22
1964.04      -0.07       0.18
1964.29      -0.26        0.0
1964.54      -0.10       -0.2
1964.79      -0.28      -0.32
1965.04      -0.18      -0.26
1965.29      -0.14      -0.12
1965.54      -0.09        0.0
1965.79      -0.09        0.1
1966.04      -0.11       0.14
1966.29      -0.08       0.06
1966.54       0.00       0.11
1966.79      -0.07       0.02
1967.04      -0.11      -0.07
1967.29       0.04      -0.07
1967.54      -0.02      -0.13
1967.79       0.00       -0.2
1968.04      -0.15      -0.27
1968.29       0.00       -0.3
1968.54      -0.09       0.01
1968.79      -0.05       0.14
1969.04      -0.14       0.33
1969.29       0.12       0.46
1969.54       0.01       0.25
1969.79       0.10       0.27
1970.04       0.18       0.31
1970.29       0.02       0.19
1970.54      -0.04       0.01
1970.79       0.05      -0.09
1971.04      -0.10      -0.24
1971.29      -0.10      -0.23
1971.54      -0.08      -0.24
1971.79      -0.06      -0.25
1972.04      -0.16      -0.18
1972.29       0.00      -0.02
1972.54       0.07       0.22
1972.79       0.04       0.36
1973.04       0.26       0.53
1973.29       0.26       0.33
1973.54       0.12       0.16
1973.79       0.08        0.0
1974.04      -0.15      -0.33
1974.29      -0.07      -0.24
1974.54       0.01      -0.08
1974.79      -0.07      -0.13
1975.04       0.03       -0.2
1975.29       0.11      -0.15
1975.54      -0.06      -0.17
1975.79      -0.10      -0.32
1976.04      -0.08      -0.44
1976.29      -0.16      -0.28
1976.54      -0.12      -0.06
1976.79      -0.12       0.11
1977.04       0.17       0.19
1977.29       0.28        0.1
1977.54       0.22       0.19
1977.79       0.07       0.17
1978.04       0.06       0.18
1978.29       0.15       0.07
1978.54      -0.03       0.05
1978.79       0.08        0.0
1979.04       0.02       0.19
1979.29       0.12       0.22
1979.54       0.11       0.24
1979.79       0.26       0.31
1980.04       0.39       0.34
1980.29       0.32        0.4
1980.54       0.20       0.27
1980.79       0.21       0.24
1981.04       0.39       0.09
1981.29       0.35       0.17
1981.54       0.32       0.18
1981.79       0.17       0.22
1982.04       0.20       0.23
1982.29       0.12       0.18
1982.54       0.08       0.28
1982.79       0.15       0.33
1983.04       0.46       0.47
1983.29       0.34       0.55
1983.54       0.25       0.49
1983.79       0.28       0.28
1984.04       0.21        0.2
1984.29       0.22       0.27
1984.54       0.13       0.15
1984.79       0.14       0.17
1985.04       0.05       0.07
1985.29       0.15       0.06
1985.54       0.12       0.05
1985.79       0.10       0.12
1986.04       0.26       0.14
1986.29       0.25       0.21
1986.54       0.13       0.25
1986.79       0.10       0.27
1987.04       0.30       0.34
1987.29       0.23        0.5
1987.54       0.33       0.63
1987.79       0.32       0.72
1988.04       0.49       0.62
1988.29       0.46       0.56
1988.54       0.37       0.31
1988.79       0.28       0.19
1989.04       0.23      -0.07
1989.29       0.27       0.04
1989.54       0.28       0.21
1989.79       0.28       0.25
1990.04       0.41       0.25
1990.29       0.60       0.36
1990.54       0.40       0.35
1990.79       0.38       0.41
1991.04       0.44       0.42
1991.29       0.40       0.38
1991.54       0.47       0.42
1991.79       0.34        0.3
1992.04       0.40       0.26
1992.29       0.35       0.43
1992.54       0.14       0.31
1992.79       0.03       0.16
1993.04       0.31       0.13
1993.29       0.31       0.35
1993.54       0.20       0.35
1993.79       0.13       0.36
1994.04       0.16       0.31
1994.29       0.33       0.33
1994.54       0.32       0.23
1994.79       0.39       0.35
1995.04       0.56       0.39
1995.29       0.41       0.43
1995.54       0.45       0.52
1995.79       0.42       0.38
1996.04       0.32       0.33
1996.29       0.31       0.33
1996.54       0.37       0.34
1996.79       0.28       0.27
1997.04       0.36       0.15
1997.29       0.41       0.23
1997.54       0.43        0.6
1997.79       0.59       0.83
1998.04       0.68       0.94
1998.29       0.65       0.88
1998.54       0.70        0.7
1998.79       0.43       0.44
1999.04       0.56       0.26
1999.29       0.31       0.23
1999.54       0.35       0.23
1999.79       0.37       0.15
2000.04       0.41       0.13
2000.29       0.49       0.24
2000.54       0.40       0.24
2000.79       0.33       0.33
2001.04       0.40       0.23
2001.29       0.55       0.45
2001.54       0.54       0.46
2001.79       0.59       0.44
2002.04       0.71       0.44
2002.29       0.70       0.63
2002.54       0.55       0.59
2002.79       0.58       0.61
2003.04       0.59        0.7
2003.29       0.59       0.61
2003.54       0.57       0.58
2003.79       0.63       0.69
2004.04       0.69       0.58
2004.29       0.55       0.51
2004.54       0.40       0.44
2004.79       0.62       0.63
2005.04       0.62       0.67
2005.29       0.68        0.7
2005.54       0.63       0.62
2005.79       0.73       0.52
2006.04       0.66       0.54
2006.29       0.54       0.44
2006.54       0.64       0.58
2006.79       0.69       0.62
2007.04       0.83       0.59
2007.29       0.72       0.53
2007.54       0.60       0.48
2007.79       0.59       0.35
2008.04       0.39       0.15
2008.29       0.59       0.27
2008.54       0.53       0.45
2008.79       0.65       0.54
2009.04       0.58       0.46
2009.29       0.60       0.54
2009.54       0.68        0.8
2009.79       0.73       0.79
2010.04       0.76       0.91
2010.29       0.84       0.94
2010.54       0.66       0.63
2010.79       0.72       0.44
2011.04       0.48       0.26
2011.29       0.60       0.36
2011.54       0.68       0.49
2011.79       0.61       0.37
2012.04       0.53       0.29
2012.29       0.69       0.46
2012.54       0.63       0.53
2012.79       0.76       0.67
2013.04       0.62       0.65
2013.29       0.62       0.63
2013.54       0.68       0.52
2013.79       0.77       0.57
2014.04       0.67       0.47
2014.29       0.82       0.64
2014.54       0.69       0.74
2014.79       0.77       0.74
2015.04       0.85       0.67
2015.29       0.84       0.78
2015.54       0.79       1.02
2015.79       0.99        1.2
2016.04       1.23       1.15
2016.29       1.14       1.16
2016.54       0.89       0.94
2016.79       0.90       0.85
2017.04       1.01       0.81
2017.29       1.00       0.84
2017.54       0.80       0.91
2017.79       0.86       0.78
2018.04       0.87       0.54
2018.29       0.87        0.6
2018.54       0.79       0.64
2018.79       0.88       0.82
2019.04       0.93       0.83
2019.29       1.02       0.91
